1000 168
1000 162
1000 160
1000 185
1000 178
1000 159
1000 172
1000 144
1000 147
1000 162
1000 158
1000 160
1000 176
1000 160
1000 148
1000 147
1000 157
1000 176
1000 142
1000 130
1000 158
1000 162
1000 144
1000 153
1000 182
1000 182
1000 142
1000 151
1000 159
1000 162
1000 173
1000 163
1000 149
1000 173
1000 200
1000 187
1000 159
1000 127
1000 132
1000 152
1000 161
1000 130
1000 158
1000 184
1000 178
1000 160
1000 159
1000 170
1000 160
1000 159
1000 160
1000 158
1000 151
1000 1394
1000 134
1000 150
1000 142
1000 172
1000 141
1000 146
1000 161
1000 141
1000 148
1000 180
1000 160
1000 315
1000 145
1000 141
1000 163
1000 175
1000 171
1000 164
1000 189
1000 144
1000 169
1000 152
1000 145
1000 168
1000 156
1000 169
1000 140
1000 144
1000 164
1000 161
1000 144
1000 163
1000 160
1000 143
1000 175
1000 159
1000 160
1000 186
1000 158
1000 163
1000 132
1000 143
1000 149
1000 162
1000 161
1000 158
1000 113
1000 113
1000 137
1000 152
1000 123
1000 130
1000 129
1000 195
1000 186
1000 143
1000 164
1000 115
1000 136
1000 118
1000 112
1000 120
1000 119
1000 110
1000 121
1000 118
1000 101
1000 164
1000 114
1000 112
1000 148
1000 116
1000 142
1000 149
1000 111
1000 146
1000 126
1000 128
1000 129
1000 117
1000 175
1000 179
1000 97
1000 110
1000 114
1000 113
1000 127
1000 114
1000 120
1000 113
1000 114
1000 114
1000 119
1000 113
1000 111
1000 151
1000 125
1000 136
1000 118
1000 117
1000 110
1000 115
1000 107
1000 118
1000 110
1000 107
1000 127
1000 123
1000 122
1000 179
1000 150
1000 130
1000 109
1000 118
1000 148
1000 115
1000 110
1000 129
1000 118
1000 110
1000 151
1000 118
1000 112
1000 149
1000 117
1000 111
1000 116
1000 95
1000 113
1000 113
1000 118
1000 135
1000 131
1000 131
1000 128
1000 127
1000 112
1000 103
1000 147
1000 123
1000 127
1000 146
1000 103
1000 112
1000 113
1000 113
1000 158
1000 196
1000 155
1000 140
1000 143
1000 188
1000 208
1000 157
1000 126
1000 184
1000 144
1000 145
1000 155
1000 140
1000 125
1000 135
1000 153
1000 129
1000 142
1000 163
1000 145
1000 137
1000 145
1000 149
1000 142
1000 143
1000 144
1000 132
1000 150
1000 137
1000 135
1000 134
1000 127
1000 162
1000 155
1000 151
1000 145
1000 140
1000 133
1000 131
1000 136
1000 160
1000 135
1000 137
1000 139
1000 135
1000 134
1000 184
1000 142
1000 146
1000 140
1000 138
1000 140
1000 151
1000 142
1000 154
1000 166
1000 181
1000 131
1000 144
1000 185
1000 205
1000 118
1000 142
1000 159
1000 179
1000 155
1000 160
1000 164
1000 153
1000 131
1000 221
1000 120
1000 141
1000 181
1000 143
1000 157
1000 155
1000 150
1000 177
1000 169
1000 145
1000 150
1000 159
1000 177
1000 146
1000 147
1000 208
1000 170
1000 506
1000 162
1000 179
1000 161
1000 150
1000 188
1000 175
1000 155
1000 164
1000 147
1000 150
1000 199
1000 217
1000 213
1000 274
1000 205
1000 202
1000 196
1000 203
1000 227
1000 195
1000 200
1000 212
1000 206
1000 195
1000 200
1000 200
1000 202
1000 257
1000 210
1000 205
1000 231
1000 218
1000 214
1000 226
1000 228
1000 269
1000 225
1000 217
1000 214
1000 200
1000 249
1000 264
1000 216
1000 206
1000 220
1000 212
1000 242
1000 203
1000 256
1000 309
1000 206
1000 197
1000 209
1000 227
1000 253
1000 209
1000 208
1000 198
1000 204
1000 232
1000 200
1000 243
1000 207
1000 191
1000 230
1000 199
1000 218
1000 220
1000 237
1000 208
1000 200
1000 214
1000 197
1000 218
1000 204
1000 243
1000 228
1000 721
1000 203
1000 204
1000 210
1000 199
1000 256
1000 219
1000 215
1000 217
1000 215
1000 204
1000 269
1000 212
1000 205
1000 229
1000 234
1000 220
1000 240
1000 201
1000 332
1000 213
1000 218
1000 212
1000 629
1000 244
1000 222
1000 224
1000 203
1000 233
1000 198
1000 206
1000 204
1000 211
1000 487
1000 329
1000 338
1000 381
1000 328
1000 351
1000 331
1000 349
1000 353
1000 326
1000 370
1000 341
1000 338
1000 372
1000 372
1000 339
1000 331
1000 368
1000 431
1000 339
1000 348
1000 333
1000 328
1000 386
1000 324
1000 351
1000 369
1000 335
1000 478
1000 425
1000 384
1000 378
1000 348
1000 378
1000 387
1000 345
1000 325
1000 334
1000 350
1000 324
1000 337
1000 324
1000 435
1000 374
1000 315
1000 329
1000 340
1000 324
1000 315
1000 318
1000 335
1000 327
1000 343
1000 369
1000 356
1000 322
1000 464
1000 339
1000 375
1000 327
1000 369
1000 327
1000 319
1000 476
1000 324
1000 324
1000 375
1000 336
1000 377
1000 307
1000 398
1000 339
1000 330
1000 441
1000 378
1000 414
1000 385
1000 376
1000 476
1000 383
1000 377
1000 387
1000 475
1000 400
1000 515
1000 423
1000 421
1000 427
1000 378
1000 400
1000 374
1000 369
1000 384
1000 538
1000 373
1000 381
1000 388
1000 391
1000 423
1000 347
10000 682
10000 667
10000 831
10000 842
10000 819
10000 915
10000 875
10000 827
10000 926
10000 936
10000 941
10000 977
10000 895
10000 958
10000 935
10000 955
10000 943
10000 911
10000 1050
10000 1063
10000 993
10000 962
10000 1003
10000 975
10000 962
10000 973
10000 1002
10000 1006
10000 965
10000 1005
10000 998
10000 1086
10000 1059
10000 1059
10000 1071
10000 1015
10000 964
10000 971
10000 993
10000 936
10000 903
10000 953
10000 946
10000 949
10000 952
10000 910
10000 1071
10000 886
10000 888
10000 866
10000 869
10000 891
10000 879
10000 906
10000 881
10000 956
10000 930
10000 912
10000 935
10000 887
10000 901
10000 889
10000 867
10000 913
10000 1055
10000 1049
10000 988
10000 972
10000 981
10000 954
10000 1129
10000 930
10000 907
10000 967
10000 931
10000 859
10000 885
10000 883
10000 866
10000 861
10000 866
10000 872
10000 892
10000 864
10000 899
10000 1002
10000 1004
10000 970
10000 951
10000 1015
10000 963
10000 1004
10000 968
10000 965
10000 1063
10000 1059
10000 1065
10000 1066
10000 1086
10000 953
10000 644
10000 511
10000 657
10000 624
10000 424
10000 548
10000 559
10000 549
10000 550
10000 423
10000 445
10000 495
10000 378
10000 379
10000 479
10000 361
10000 386
10000 384
10000 500
10000 375
10000 583
10000 461
10000 464
10000 574
10000 429
10000 488
10000 456
10000 475
10000 379
10000 560
10000 445
10000 554
10000 438
10000 535
10000 425
10000 426
10000 427
10000 524
10000 448
10000 431
10000 428
10000 439
10000 438
10000 441
10000 439
10000 480
10000 483
10000 483
10000 484
10000 488
10000 507
10000 579
10000 505
10000 589
10000 530
10000 466
10000 498
10000 460
10000 497
10000 463
10000 520
10000 511
10000 506
10000 499
10000 513
10000 570
10000 636
10000 526
10000 512
10000 587
10000 438
10000 699
10000 448
10000 562
10000 577
10000 561
10000 471
10000 466
10000 467
10000 462
10000 579
10000 463
10000 470
10000 463
10000 464
10000 587
10000 471
10000 458
10000 470
10000 581
10000 491
10000 518
10000 491
10000 561
10000 505
10000 511
10000 485
10000 483
10000 484
10000 484
10000 516
10000 602
10000 630
10000 573
10000 592
10000 582
10000 535
10000 571
10000 536
10000 556
10000 556
10000 505
10000 411
10000 451
10000 462
10000 476
10000 468
10000 448
10000 456
10000 397
10000 430
10000 570
10000 394
10000 416
10000 436
10000 424
10000 414
10000 316
10000 423
10000 421
10000 410
10000 495
10000 391
10000 422
10000 487
10000 465
10000 408
10000 397
10000 454
10000 466
10000 518
10000 452
10000 364
10000 419
10000 393
10000 492
10000 450
10000 457
10000 430
10000 477
10000 428
10000 474
10000 500
10000 394
10000 413
10000 459
10000 491
10000 444
10000 477
10000 411
10000 438
10000 924
10000 951
10000 535
10000 3801
10000 464
10000 470
10000 472
10000 484
10000 391
10000 431
10000 465
10000 491
10000 438
10000 396
10000 454
10000 466
10000 595
10000 452
10000 473
10000 475
10000 414
10000 502
10000 492
10000 448
10000 402
10000 452
10000 447
10000 390
10000 473
10000 491
10000 543
10000 488
10000 539
10000 391
10000 396
10000 526
10000 504
10000 529
10000 485
10000 450
10000 576
10000 535
10000 444
10000 648
10000 689
10000 588
10000 740
10000 675
10000 578
10000 470
10000 423
10000 534
10000 523
10000 534
10000 409
10000 422
10000 462
10000 456
10000 440
10000 521
10000 804
10000 536
10000 516
10000 408
10000 517
10000 488
10000 534
10000 516
10000 528
10000 407
10000 539
10000 586
10000 481
10000 556
10000 491
10000 413
10000 493
10000 493
10000 455
10000 510
10000 458
10000 616
10000 501
10000 574
10000 619
10000 607
10000 546
10000 570
10000 645
10000 464
10000 677
10000 577
10000 659
10000 570
10000 624
10000 595
10000 494
10000 576
10000 463
10000 583
10000 497
10000 457
10000 470
10000 556
10000 480
10000 509
10000 681
10000 433
10000 529
10000 524
10000 583
10000 654
10000 621
10000 608
10000 576
10000 818
10000 583
10000 631
10000 484
10000 449
10000 490
10000 526
10000 459
10000 539
10000 500
10000 557
10000 543
10000 536
10000 521
10000 576
10000 510
10000 564
10000 495
10000 712
10000 611
10000 643
10000 560
10000 474
10000 522
10000 570
10000 609
10000 556
10000 727
10000 546
10000 623
10000 534
10000 542
10000 555
10000 633
10000 553
10000 612
10000 544
10000 550
10000 617
10000 567
10000 532
10000 558
10000 510
10000 577
10000 494
10000 559
10000 482
10000 440
10000 472
10000 462
10000 465
10000 449
10000 467
10000 503
10000 622
10000 497
10000 479
10000 479
10000 460
10000 474
10000 464
10000 484
10000 451
10000 467
10000 519
10000 471
10000 487
10000 473
10000 522
10000 477
10000 493
10000 468
10000 479
10000 523
10000 467
10000 550
10000 508
10000 443
10000 472
10000 572
10000 649
10000 468
10000 533
10000 444
10000 487
10000 510
10000 492
10000 456
10000 461
10000 552
10000 487
10000 491
10000 447
10000 472
10000 621
10000 468
10000 917
10000 498
10000 458
10000 491
10000 453
10000 590
10000 488
10000 523
10000 500
10000 526
10000 509
10000 476
10000 473
10000 492
10000 590
10000 468
10000 490
10000 467
10000 499
10000 537
10000 466
10000 491
10000 487
10000 469
10000 534
10000 487
10000 515
10000 537
100000 5960
100000 5681
100000 5722
100000 5794
100000 5632
100000 5466
100000 5479
100000 6384
100000 5683
100000 6113
100000 5675
100000 5499
100000 5946
100000 5499
100000 5512
100000 5788
100000 5681
100000 5662
100000 5513
100000 5528
100000 5774
100000 5679
100000 5551
100000 5492
100000 5715
100000 5676
100000 5473
100000 5526
100000 5696
100000 5651
100000 7178
100000 5676
100000 5742
100000 5779
100000 5729
100000 6515
100000 8161
100000 5599
100000 5680
100000 5787
100000 5675
100000 5559
100000 5553
100000 5475
100000 5778
100000 5676
100000 5689
100000 5645
100000 5469
100000 5560
100000 5681
100000 5675
100000 5626
100000 5464
100000 5590
100000 5681
100000 5681
100000 5708
100000 5610
100000 5455
100000 5595
100000 5676
100000 5679
100000 5563
100000 5583
100000 5465
100000 5684
100000 5872
100000 5760
100000 5769
100000 5487
100000 5516
100000 6277
100000 7270
100000 5682
100000 5600
100000 5591
100000 5479
100000 5698
100000 5759
100000 5641
100000 5576
100000 5473
100000 5716
100000 5697
100000 5689
100000 5684
100000 5571
100000 5496
100000 5773
100000 5684
100000 5695
100000 5733
100000 5584
100000 5582
100000 5497
100000 5742
100000 5711
100000 5706
100000 5499
100000 3534
100000 3743
100000 3775
100000 3737
100000 3729
100000 3871
100000 3640
100000 3692
100000 3637
100000 3728
100000 3836
100000 3790
100000 3541
100000 3844
100000 3548
100000 3862
100000 3736
100000 3717
100000 3832
100000 3716
100000 3746
100000 3751
100000 3589
100000 3756
100000 3603
100000 3567
100000 3529
100000 3593
100000 3722
100000 4697
100000 3925
100000 3755
100000 3576
100000 3864
100000 3518
100000 3720
100000 3716
100000 3882
100000 3704
100000 3745
100000 3702
100000 3761
100000 3676
100000 3729
100000 3736
100000 4392
100000 4489
100000 3732
100000 3624
100000 3539
100000 3734
100000 3767
100000 3744
100000 3561
100000 4415
100000 4490
100000 3610
100000 3590
100000 3550
100000 4837
100000 4494
100000 4493
100000 3749
100000 3717
100000 3749
100000 3699
100000 3775
100000 3775
100000 4502
100000 3592
100000 3560
100000 4722
100000 4714
100000 5229
100000 4137
100000 5238
100000 3722
100000 3610
100000 3517
100000 3673
100000 3524
100000 3643
100000 3719
100000 3684
100000 3736
100000 3772
100000 3722
100000 3694
100000 3850
100000 3537
100000 3777
100000 3731
100000 3739
100000 3830
100000 3728
100000 3794
100000 3652
100000 4265
100000 3711
100000 4941
100000 2568
100000 3028
100000 3582
100000 3327
100000 2182
100000 2980
100000 2179
100000 3145
100000 3356
100000 2251
100000 2994
100000 3354
100000 3498
100000 3280
100000 2684
100000 4182
100000 4272
100000 2472
100000 3987
100000 2210
100000 3307
100000 3348
100000 3022
100000 3030
100000 3345
100000 3002
100000 2992
100000 4678
100000 3631
100000 3663
100000 3699
100000 3590
100000 3811
100000 1943
100000 3535
100000 1988
100000 3320
100000 2998
100000 1946
100000 2016
100000 3646
100000 3351
100000 1961
100000 2166
100000 2954
100000 2041
100000 3326
100000 2129
100000 2961
100000 3344
100000 3350
100000 3385
100000 2392
100000 3325
100000 3020
100000 2176
100000 3501
100000 3308
100000 3469
100000 2964
100000 3349
100000 3389
100000 2075
100000 3099
100000 3154
100000 2986
100000 3517
100000 2458
100000 3481
100000 3330
100000 2981
100000 3720
100000 4153
100000 3142
100000 3771
100000 3417
100000 3362
100000 3821
100000 3345
100000 2970
100000 3612
100000 3622
100000 4158
100000 2438
100000 2303
100000 2954
100000 3721
100000 4072
100000 3084
100000 3796
100000 2591
100000 3125
100000 3365
100000 3398
100000 3009
100000 2862
100000 3314
100000 2989
100000 3429
100000 1948
100000 3264
100000 2738
100000 2765
100000 3290
100000 2760
100000 2828
100000 3131
100000 2657
100000 2870
100000 3284
100000 3757
100000 3308
100000 3209
100000 2763
100000 2679
100000 2985
100000 2786
100000 3686
100000 2767
100000 3266
100000 3397
100000 3090
100000 3377
100000 2995
100000 2701
100000 2569
100000 2765
100000 3707
100000 3556
100000 2977
100000 3521
100000 4285
100000 3325
100000 2069
100000 3309
100000 2994
100000 2751
100000 3353
100000 2984
100000 3960
100000 2982
100000 3561
100000 2919
100000 4291
100000 2956
100000 2852
100000 3062
100000 2568
100000 3372
100000 2781
100000 2961
100000 2979
100000 2922
100000 2634
100000 3576
100000 3029
100000 2955
100000 3045
100000 2839
100000 3200
100000 2909
100000 3110
100000 3287
100000 3096
100000 2728
100000 3044
100000 3150
100000 3644
100000 3181
100000 2573
100000 2895
100000 2082
100000 2928
100000 3033
100000 3052
100000 3076
100000 3654
100000 2850
100000 3260
100000 3336
100000 2922
100000 2779
100000 2965
100000 2720
100000 3266
100000 2743
100000 4147
100000 3651
100000 3164
100000 2627
100000 3655
100000 3598
100000 3018
100000 2234
100000 2919
100000 3596
100000 2941
100000 3233
100000 2937
100000 2884
100000 3073
100000 2639
100000 2914
100000 3244
100000 2847
100000 2681
100000 2843
100000 2776
100000 2416
100000 2822
100000 3333
100000 2486
100000 2850
100000 2531
100000 3209
100000 2992
100000 3611
100000 2858
100000 2952
100000 2702
100000 3167
100000 3016
100000 2830
100000 3008
100000 2850
100000 2949
100000 3201
100000 2598
100000 3150
100000 3221
100000 3401
100000 3143
100000 3752
100000 3346
100000 2862
100000 3539
100000 2736
100000 2552
100000 3154
100000 2741
100000 2779
100000 3010
100000 2750
100000 3272
100000 2828
100000 3737
100000 3475
100000 2656
100000 2908
100000 3057
100000 2919
100000 2713
100000 3017
100000 2945
100000 3774
100000 2989
100000 2951
100000 2940
100000 3098
100000 2794
100000 2731
100000 2699
100000 2701
100000 3994
100000 2962
100000 2809
100000 2480
100000 2538
100000 3560
100000 3208
100000 2900
100000 2587
100000 3136
100000 3488
100000 3483
100000 3140
100000 2374
100000 3058
100000 3526
100000 2696
100000 3514
100000 4155
100000 3336
100000 2903
100000 3632
100000 2595
100000 3406
100000 3211
100000 3105
100000 2843
100000 3193
100000 2882
100000 2891
100000 2795
100000 2800
100000 3060
100000 3281
100000 2932
100000 3483
100000 3274
1000000 54611
1000000 56204
1000000 55676
1000000 54140
1000000 55359
1000000 55844
1000000 55304
1000000 54299
1000000 54608
1000000 55868
1000000 57009
1000000 53933
1000000 57634
1000000 58923
1000000 59278
1000000 54060
1000000 53963
1000000 55809
1000000 59102
1000000 58946
1000000 56998
1000000 58137
1000000 56819
1000000 56712
1000000 54876
1000000 60429
1000000 59180
1000000 59154
1000000 57154
1000000 54874
1000000 54494
1000000 55876
1000000 53859
1000000 55039
1000000 53893
1000000 53755
1000000 54112
1000000 53615
1000000 54028
1000000 54956
1000000 53835
1000000 57152
1000000 53898
1000000 58385
1000000 57041
1000000 65939
1000000 67015
1000000 56938
1000000 57014
1000000 54181
1000000 56627
1000000 56886
1000000 54025
1000000 55952
1000000 55793
1000000 53967
1000000 55362
1000000 54213
1000000 55950
1000000 56155
1000000 54696
1000000 55880
1000000 56472
1000000 56577
1000000 54992
1000000 54045
1000000 53952
1000000 55706
1000000 55638
1000000 56139
1000000 57769
1000000 60889
1000000 55332
1000000 53915
1000000 54013
1000000 53788
1000000 55275
1000000 55220
1000000 57962
1000000 54175
1000000 54500
1000000 54822
1000000 56407
1000000 66085
1000000 57569
1000000 62528
1000000 61085
1000000 55560
1000000 54968
1000000 56788
1000000 54053
1000000 54053
1000000 55145
1000000 53917
1000000 55116
1000000 53798
1000000 54067
1000000 54198
1000000 53781
1000000 54081
1000000 32821
1000000 35201
1000000 35868
1000000 33070
1000000 35784
1000000 36539
1000000 34309
1000000 34138
1000000 33325
1000000 34364
1000000 34293
1000000 34249
1000000 35116
1000000 32134
1000000 32801
1000000 35985
1000000 32548
1000000 34351
1000000 34571
1000000 34377
1000000 36594
1000000 34603
1000000 35078
1000000 35678
1000000 35953
1000000 34457
1000000 34294
1000000 32783
1000000 33675
1000000 31946
1000000 37024
1000000 34389
1000000 34517
1000000 31393
1000000 35898
1000000 34516
1000000 32461
1000000 32793
1000000 34311
1000000 35389
1000000 35544
1000000 36122
1000000 35637
1000000 36179
1000000 35368
1000000 33224
1000000 32242
1000000 31944
1000000 37171
1000000 34307
1000000 34625
1000000 34354
1000000 34494
1000000 34536
1000000 37839
1000000 33211
1000000 32927
1000000 34556
1000000 34701
1000000 34538
1000000 34606
1000000 34481
1000000 35409
1000000 31963
1000000 34535
1000000 37365
1000000 32076
1000000 33974
1000000 34378
1000000 33252
1000000 34416
1000000 32997
1000000 35552
1000000 35602
1000000 34333
1000000 34348
1000000 34576
1000000 38072
1000000 34703
1000000 37532
1000000 34501
1000000 35141
1000000 34570
1000000 29016
1000000 31350
1000000 34442
1000000 36092
1000000 32127
1000000 34035
1000000 34259
1000000 34639
1000000 29063
1000000 34471
1000000 34506
1000000 32662
1000000 34456
1000000 34301
1000000 34668
1000000 36961
1000000 29027
1000000 18593
1000000 19708
1000000 19754
1000000 19834
1000000 19132
1000000 18679
1000000 21292
1000000 18785
1000000 20984
1000000 18589
1000000 18761
1000000 19626
1000000 18667
1000000 26809
1000000 21155
1000000 18555
1000000 19060
1000000 19462
1000000 19750
1000000 20359
1000000 28986
1000000 25553
1000000 19973
1000000 18565
1000000 19216
1000000 19959
1000000 26626
1000000 20426
1000000 20527
1000000 22247
1000000 22285
1000000 20947
1000000 20132
1000000 19812
1000000 20797
1000000 18542
1000000 20836
1000000 20821
1000000 19710
1000000 19981
1000000 18724
1000000 21066
1000000 18591
1000000 18699
1000000 22568
1000000 19408
1000000 19838
1000000 18728
1000000 18867
1000000 21665
1000000 19315
1000000 21336
1000000 20246
1000000 19649
1000000 20437
1000000 18660
1000000 20075
1000000 20719
1000000 19336
1000000 20553
1000000 18586
1000000 21108
1000000 18775
1000000 18633
1000000 18712
1000000 20424
1000000 19919
1000000 19969
1000000 18624
1000000 18822
1000000 18742
1000000 19576
1000000 19938
1000000 18827
1000000 20967
1000000 20247
1000000 19581
1000000 18590
1000000 24572
1000000 18726
1000000 19178
1000000 18702
1000000 18549
1000000 18562
1000000 26240
1000000 18685
1000000 19265
1000000 18781
1000000 18736
1000000 19250
1000000 18541
1000000 18751
1000000 18723
1000000 19175
1000000 20076
1000000 20566
1000000 18606
1000000 21521
1000000 19799
1000000 18608
1000000 20454
1000000 18869
1000000 22058
1000000 19237
1000000 21375
1000000 24567
1000000 21629
1000000 21736
1000000 19163
1000000 23082
1000000 20340
1000000 18869
1000000 21735
1000000 20268
1000000 18879
1000000 23081
1000000 20005
1000000 19685
1000000 19510
1000000 21321
1000000 19218
1000000 19566
1000000 19106
1000000 20293
1000000 22115
1000000 20190
1000000 23008
1000000 20571
1000000 20708
1000000 19220
1000000 19496
1000000 22777
1000000 19062
1000000 19805
1000000 22364
1000000 21147
1000000 19373
1000000 20964
1000000 19738
1000000 20515
1000000 20176
1000000 19951
1000000 20248
1000000 19171
1000000 22002
1000000 22131
1000000 19084
1000000 20067
1000000 22113
1000000 19293
1000000 18871
1000000 20437
1000000 19831
1000000 20176
1000000 20057
1000000 20434
1000000 19349
1000000 20155
1000000 20990
1000000 20042
1000000 19545
1000000 21653
1000000 19130
1000000 19253
1000000 20909
1000000 21344
1000000 18924
1000000 19744
1000000 22499
1000000 20483
1000000 23101
1000000 23017
1000000 23173
1000000 19450
1000000 22115
1000000 21099
1000000 18943
1000000 21276
1000000 18945
1000000 19090
1000000 20053
1000000 19259
1000000 20395
1000000 22793
1000000 23962
1000000 21838
1000000 19779
1000000 20871
1000000 19464
1000000 21623
1000000 19059
1000000 19566
1000000 23957
1000000 19224
1000000 18868
1000000 20839
1000000 19910
1000000 19952
1000000 19557
1000000 19139
1000000 21695
1000000 21795
1000000 22746
1000000 24913
1000000 23227
1000000 23032
1000000 22900
1000000 24067
1000000 21767
1000000 20677
1000000 22364
1000000 20668
1000000 21510
1000000 19236
1000000 19879
1000000 21528
1000000 21841
1000000 21882
1000000 22273
1000000 21598
1000000 21916
1000000 20572
1000000 20985
1000000 21556
1000000 21005
1000000 22169
1000000 19784
1000000 21055
1000000 20288
1000000 21504
1000000 19854
1000000 20095
1000000 19926
1000000 24783
1000000 22737
1000000 26011
1000000 25646
1000000 23813
1000000 20159
1000000 21840
1000000 19712
1000000 21248
1000000 21455
1000000 22404
1000000 23193
1000000 26495
1000000 25981
1000000 22905
1000000 23562
1000000 19495
1000000 21427
1000000 21766
1000000 20183
1000000 21859
1000000 22131
1000000 22189
1000000 21349
1000000 20702
1000000 20138
1000000 21124
1000000 22417
1000000 21595
1000000 21487
1000000 20168
1000000 20937
1000000 20992
1000000 20788
1000000 21703
1000000 21941
1000000 21627
1000000 21379
1000000 19322
1000000 20707
1000000 20469
1000000 21534
1000000 19652
1000000 19266
1000000 19230
1000000 21684
1000000 21095
1000000 19669
1000000 21143
1000000 21487
1000000 21472
1000000 21568
1000000 20532
1000000 19585
1000000 21050
1000000 21752
1000000 19301
1000000 21561
1000000 21383
1000000 21281
1000000 20617
1000000 21551
1000000 22041
1000000 20148
1000000 19717
1000000 21627
1000000 20290
